0 -0.071793 10.9619 0.0197312 -1
1 -0.338388 12.694 0.0864499 0
2 -0.315401 16.8674 -0.535001 1
3 0.0141562 19.3187 -0.0924951 2
4 -2.32358 16.1038 -0.805545 2
5 -3.9881 13.4306 -0.864436 4
6 -5.54398 10.6924 -0.377964 5
7 -5.53449 10.327 -0.389738 6
8 1.91768 16.4812 -0.722369 2
9 3.85638 13.6948 -0.910799 8
10 5.45028 10.7669 -0.219179 9
11 5.42801 10.3869 -0.217432 10
12 -1.07751 10.3453 0.0590321 0
13 -1.75134 5.62676 -0.465569 12
14 -1.86388 0.626996 -0.857355 13
15 -1.64116 0.208813 1.66678 14
16 1.07009 10.4122 0.0620878 0
17 1.74773 5.55883 -0.505215 16
18 1.88448 0.56883 -0.793549 17
19 1.67502 0.194715 1.62354 18
